kq4.r1b1   =  -0.003517131064295006;
kq4.l1b1   =   0.003515005952079142;
kq5.r1b1   =   0.002203660209045592;
kq5.l1b1   = -0.0021354085256720845;
kq6.r1b1   = -0.0005073847407946091;
kq6.l1b1   =   0.000364020348988869;
kq7.r1b1   =  0.0066723171925360154;
kq7.l1b1   = -0.0069775881919590995;
kq8.r1b1   = -0.0071803038311182305;
kq8.l1b1   =   0.007875493444786606;
kq9.r1b1   =   0.006409894976712302;
kq9.l1b1   = -0.0067503409995906235;
kq10.r1b1  = -0.0066867042830271875;
kq10.l1b1  =    0.00695265529784869;
