kqx.r1     =     0.0088217236213656;
kqx.l1     =    -0.0087339452768744;
