dQx.b1_sq  =   0.012937899767606962;
dQy.b1_sq  =  -0.004084685615418931;
dQpx.b1_sq =    -1.2538940188396948;
dQpy.b1_sq =      5.219473620322337;
